   -3.1431   -1.0472   -2.4657   -3.0634   -1.7690   -2.8415
   -3.1431   -1.0472   -2.5657   -2.8635   -1.5690   -2.8415
   -3.1431   -1.0472   -2.2657   -3.4635   -1.6691   -3.5415
   -3.1431   -1.0472   -2.0657   -3.6635   -1.7692   -3.7415
   -3.1431   -1.0472   -1.9657   -3.6635   -1.5692   -3.1415
   -3.1431   -1.0472   -1.7656   -4.0635   -1.6693   -2.9415
   -3.1431   -1.0472   -1.6655   -4.1635   -1.7693   -3.4416
   -3.1431   -1.0472   -1.5655   -4.3635   -1.6693   -3.3416
   -3.1431   -1.0472   -1.4655   -4.5634   -1.7693   -3.5417
   -3.1431   -1.0472   -1.2655   -4.6635   -1.8693   -2.9417
   -3.1431   -1.0472   -2.4657   -3.0634   -1.7690   -2.8415
   -3.1431   -1.0472   -2.5657   -2.8635   -1.5690   -2.8415
   -3.1431   -1.0472   -2.2657   -3.4635   -1.6691   -3.5415
   -3.1431   -1.0472   -2.0657   -3.6635   -1.7692   -3.7415
   -3.1431   -1.0472   -1.9657   -3.6635   -1.5692   -3.1415
   -3.1431   -1.0472   -1.7656   -4.0635   -1.6693   -2.9415
   -3.1431   -1.0472   -1.6655   -4.1635   -1.7693   -3.4416
   -3.1431   -1.0472   -1.5655   -4.3635   -1.6693   -3.3416
   -3.1431   -1.0472   -1.4655   -4.5634   -1.7693   -3.5417
   -3.1431   -1.0472   -1.2655   -4.6635   -1.8693   -2.9417
   -3.1431   -1.0472   -2.4657   -3.0634   -1.7690   -2.8415
   -3.1431   -1.0472   -2.5657   -2.8635   -1.5690   -2.8415
   -3.1431   -1.0472   -2.2657   -3.4635   -1.6691   -3.5415
   -3.1431   -1.0472   -2.0657   -3.6635   -1.7692   -3.7415
   -3.1431   -1.0472   -1.9657   -3.6635   -1.5692   -3.1415
   -3.1431   -1.0472   -1.7656   -4.0635   -1.6693   -2.9415
   -3.1431   -1.0472   -1.6655   -4.1635   -1.7693   -3.4416
   -3.1431   -1.0472   -1.5655   -4.3635   -1.6693   -3.3416
   -3.1431   -1.0472   -1.4655   -4.5634   -1.7693   -3.5417
   -3.1431   -1.0472   -1.2655   -4.6635   -1.8693   -2.9417