   -3.1464   -1.0449   -2.4828   -3.0346   -1.7825   -2.9118
   -3.1495   -1.0519   -2.5819   -2.8299   -1.5830   -2.9112
   -3.1569   -1.0434   -2.2782   -3.4460   -1.6944   -3.6197
   -3.1566   -1.0414   -2.0762   -3.6511   -1.7961   -3.8211
   -3.1501   -1.0354   -1.9800   -3.6508   -1.5925   -3.2153
   -3.1499   -1.0319   -1.7804   -4.0539   -1.6948   -3.0214
   -3.1643   -1.0372   -1.6773   -4.1558   -1.8070   -3.5316
   -3.1760   -1.0375   -1.5768   -4.3561   -1.7151   -3.4428
   -3.2178   -1.0463   -1.4759   -4.5602   -1.8415   -3.6808
   -3.5399   -1.1065   -1.2939   -4.7145   -2.1930   -3.3292
   -3.1467   -1.0476   -2.4840   -3.0330   -1.7827   -2.9119
   -3.1485   -1.0543   -2.5830   -2.8291   -1.5819   -2.9112
   -3.1580   -1.0461   -2.2796   -3.4440   -1.6953   -3.6203
   -3.1569   -1.0430   -2.0781   -3.6496   -1.7962   -3.8212
   -3.1490   -1.0364   -1.9821   -3.6498   -1.5911   -3.2149
   -3.1500   -1.0332   -1.7817   -4.0535   -1.6949   -3.0216
   -3.1642   -1.0384   -1.6785   -4.1556   -1.8066   -3.5317
   -3.1762   -1.0390   -1.5774   -4.3564   -1.7152   -3.4430
   -3.2136   -1.0465   -1.4769   -4.5603   -1.8383   -3.6776
   -3.5102   -1.1053   -1.2930   -4.7125   -2.1644   -3.2977
   -3.1218   -1.0353   -2.4893   -3.0412   -1.7539   -2.9023
   -3.1295   -1.0459   -2.5880   -2.8349   -1.5597   -2.9058
   -3.1308   -1.0353   -2.2835   -3.4527   -1.6661   -3.6037
   -3.1235   -1.0314   -2.0808   -3.6584   -1.7597   -3.8012
   -3.1211   -1.0282   -1.9845   -3.6590   -1.5589   -3.2012
   -3.1060   -1.0228   -1.7836   -4.0628   -1.6521   -2.9925
   -3.1068   -1.0252   -1.6800   -4.1633   -1.7520   -3.4944
   -3.0986   -1.0226   -1.5802   -4.3673   -1.6497   -3.3883
   -3.0390   -1.0113   -1.4794   -4.5697   -1.7098   -3.5452
   -3.2738   -1.0579   -1.2773   -4.6754   -2.0272   -3.1069